4.545
4.273
3.333
4.   
3.333
3.333
4.   
5.   
4.   
3.333
5.   
5.   
4.231
4.19 
4.154
4.19 
4.083
4.5  
3.846
4.   
3.   
3.125
3.   
4.556
4.5  
2.667
4.455
4.6  
4.75 
4.455
3.556
4.5  
4.563
3.875
3.5  
4.353
5.   
4.313
4.286
4.333
4.833
4.917
2.545
2.75 
3.846
4.   
4.571
3.9  
4.   
4.75 
4.25 
4.4  
4.   
4.286
3.583
3.5  
4.733
4.813
4.429
4.25 
4.474
5.   
5.   
4.   
4.4  
4.5  
4.067
4.25 
4.481
4.75 
4.556
4.455
3.167
4.111
3.867
3.733
4.5  
4.8  
4.5  
4.833
4.5  
4.4  
5.   
4.625
4.75 
4.5  
4.571
4.375
4.833
4.875
4.545
4.857
4.25 
4.875
4.733
4.571
5.   
4.667
4.4  
3.889
3.1  
4.273
4.222
4.286
4.25 
4.5  
4.5  
5.   
4.167
4.   
3.5  
4.333
4.083
5.   
4.167
4.583
4.133
4.167
4.   
4.667
5.   
4.25 
4.   
4.25 
4.167
4.5  
4.75 
5.   
4.8  
3.875
4.6  
4.818
5.   
4.769
4.273
5.   
4.833
5.   
4.6  
3.571
3.545
4.   
4.474
4.05 
4.25 
4.143
4.182
4.   
3.909
4.167
4.   
3.857
4.   
4.333
4.   
4.1  
4.143
4.333
4.   
5.   
3.923
4.176
4.7  
4.538
3.75 
4.286
5.   
3.857
2.714
4.429
4.636
2.   
4.25 
3.9  
3.6  
4.833
4.25 
4.636
4.556
4.923
4.8  
4.737
4.588
4.222
4.2  
4.308
4.25 
2.667
4.643
4.429
5.   
4.568
4.417
4.3  
3.864
3.917
5.   
4.571
4.6  
3.556
4.133
4.286
4.   
4.235
3.909
4.368
4.667
4.545
4.556
5.   
3.857
4.227
4.2  
4.   
4.267
4.   
4.483
4.455
4.625
4.222
4.636
4.778
4.6  
4.846
5.   
4.778
5.   
3.   
4.667
4.3  
5.   
4.   
4.667
4.769
4.5  
4.571
4.667
4.3  
5.   
4.667
4.286
3.538
4.75 
4.556
3.25 
4.231
4.818
3.667
4.333
4.857
4.111
4.267
4.4  
4.538
4.333
4.4  
4.2  
4.944
4.65 
4.8  
4.4  
4.571
4.4  
4.667
4.286
4.8  
4.667
4.25 
3.625
4.444
3.923
3.5  
4.022
3.375
4.222
4.   
4.5  
4.5  
2.857
3.571
3.571
3.636
4.375
4.429
4.111
4.6  
3.25 
4.222
4.182
3.778
4.125
4.5  
4.429
3.333
4.75 
4.579
4.182
4.069
5.   
4.059
4.563
4.8  
4.667
3.857
3.667
4.25 
4.364
4.571
4.667
4.167
4.   
3.667
4.111
4.4  
4.875
4.917
4.667
4.444
3.667
3.583
3.867
3.655
3.852
4.125
3.7  
4.2  
3.5  
3.133
3.8  
2.5  
2.333
4.333
4.6  
4.25 
4.2  
4.429
4.5  
4.444
4.5  
5.   
4.   
4.5  
3.667
4.875
4.091
4.182
4.385
4.182
4.7  
4.714
4.8  
3.143
5.   
4.833
4.667
5.   
4.714
4.8  
4.   
3.6  
5.   
4.429
4.143
5.   
3.75 
3.8  
4.   
4.   
3.8  
5.   
4.714
4.667
4.5  
5.   
4.25 
4.148
4.222
4.2  
1.692
3.8  
4.875
3.375
4.   
3.8  
3.3  
4.2  
3.889
4.385
4.875
4.417
4.333
4.143
4.   
3.667
3.833
5.   
4.417
4.6  
4.889
4.5  
4.571
4.667
4.429
4.778
5.   
4.   
4.6  
3.833
4.   
4.   
4.333
3.4  
4.875
4.333
4.857
4.667
4.125
4.111
4.318
4.714
4.161
4.417
3.913
3.684
3.905
4.526
4.2  
4.778
3.909
3.5  
4.696
4.   
4.25 
4.467
3.182
3.556
5.   
4.889
4.222
4.4  
4.5  
3.857
4.211
4.476
4.143
3.667
4.7  
5.   
5.   
4.917
4.846
4.909
5.   
3.364
4.333
3.857
4.125
4.2  
4.059
3.938
4.067
4.875
5.   
4.4  
4.545
4.25 
