4.818
4.273
3.667
4.188
4.0
4.0
4.2
5.0
3.0
3.333
5.0
5.0
4.077
4.19
4.231
4.095
4.25
4.5
3.923
3.789
3.583
3.0
3.75
4.444
4.833
1.667
4.545
4.7
4.636
4.182
3.667
4.5
4.625
4.375
3.0
4.353
4.9
4.406
4.571
3.833
4.833
4.75
3.091
3.375
4.077
4.0
4.571
3.6
3.933
4.778
4.125
4.6
3.8
4.286
3.583
3.8
4.6
4.875
4.429
4.125
4.579
5.0
4.882
3.625
4.4
4.167
4.267
4.0
4.5
4.75
4.875
4.727
4.0
4.444
3.733
3.8
4.5
4.4
4.5
5.0
4.833
4.4
5.0
4.5
4.75
4.625
4.429
4.375
4.667
4.5
4.545
4.857
4.167
5.0
4.733
4.571
5.0
4.667
4.4
4.222
3.5
4.273
4.111
4.238
4.75
4.333
4.5
4.857
4.333
4.625
3.5
4.667
4.667
5.0
4.167
4.583
4.533
4.333
4.25
4.833
3.0
4.25
4.444
4.1
4.25
4.429
4.833
5.0
4.4
4.125
4.5
4.818
5.0
4.846
4.364
5.0
5.0
5.0
5.0
3.857
3.545
4.333
4.526
4.45
3.875
3.857
4.182
3.8
3.818
3.667
4.167
3.714
4.0
4.333
4.0
4.1
4.0
4.167
4.0
5.0
3.769
3.941
4.5
4.538
3.75
3.571
5.0
4.0
2.857
4.429
4.2
3.5
4.75
4.2
4.2
5.0
4.333
4.727
4.667
4.846
4.8
4.737
4.412
4.222
4.4
4.308
4.25
2.667
4.786
4.143
5.0
4.568
4.667
4.6
3.818
4.083
5.0
4.5
4.267
3.778
3.933
4.286
3.308
4.294
4.0
4.158
4.667
4.455
4.333
5.0
4.143
4.364
4.2
4.0
4.2
4.0
4.586
4.455
4.625
4.389
4.727
4.778
4.6
4.923
5.0
4.444
5.0
4.0
5.0
4.8
5.0
4.0
4.667
4.769
4.6
4.0
4.667
4.85
3.0
4.833
4.714
3.769
4.625
4.444
3.125
4.385
5.0
4.167
4.167
4.714
4.333
4.267
4.6
4.231
4.333
4.3
4.2
4.944
4.7
4.9
4.6
4.714
4.6
4.667
4.286
4.6
4.333
4.5
4.0
4.889
3.769
3.658
3.822
3.25
4.444
3.5
4.667
4.8
2.857
3.0
3.857
3.909
4.5
4.286
4.222
4.4
4.125
4.333
4.091
3.556
4.375
4.5
4.571
3.667
5.0
4.684
4.636
4.133
5.0
4.412
4.313
4.8
4.667
4.0
3.833
4.0
3.818
4.5
4.833
4.174
3.909
3.667
4.222
4.7
4.75
4.917
4.333
4.444
3.444
3.25
4.067
3.724
3.885
3.875
4.1
4.2
3.5
3.933
3.8
2.8
1.667
4.333
4.6
4.5
4.25
4.357
4.5
4.667
4.5
4.857
4.333
4.5
4.0
4.714
4.091
4.091
4.385
4.091
4.8
4.714
5.0
4.143
5.0
4.833
4.444
5.0
4.429
5.0
3.9
3.4
5.0
4.143
4.429
5.0
3.875
3.6
3.667
5.0
4.0
5.0
4.714
4.667
4.5
5.0
4.417
4.148
4.111
3.6
3.308
4.0
4.75
4.125
5.0
3.8
3.8
3.889
4.0
4.846
4.75
4.333
4.333
4.429
3.5
3.333
4.0
5.0
4.417
4.6
4.889
5.0
4.857
4.778
4.714
4.778
5.0
3.429
4.6
4.0
4.0
3.667
4.333
3.5
5.0
4.5
4.714
4.667
4.375
4.056
4.318
4.857
4.581
4.636
3.87
3.316
3.857
4.526
4.833
4.667
4.273
3.9
4.652
4.5
4.312
4.267
2.909
3.667
5.0
4.889
4.25
4.8
4.667
3.857
4.316
4.476
4.143
4.333
4.4
4.636
5.0
5.0
4.846
4.909
5.0
3.636
4.556
3.571
4.625
4.6
3.706
3.937
3.8
4.875
4.875
4.6
4.364
4.188
