4.545
4.273
3.333
4.000
3.333
3.333
4.000
5.000
4.000
3.333
5.000
5.000
4.231
4.190
4.154
4.190
4.083
4.500
3.846
4.000
3.000
3.125
3.000
4.556
4.500
2.667
4.455
4.600
4.750
4.455
3.556
4.500
4.563
3.875
3.500
4.353
5.000
4.313
4.286
4.333
4.833
4.917
2.545
2.750
3.846
4.000
4.571
3.900
4.000
4.750
4.250
4.400
4.000
4.286
3.583
3.500
4.733
4.813
4.429
4.250
4.474
5.000
5.000
4.000
4.400
4.500
4.067
4.250
4.481
4.750
4.556
4.455
3.167
4.111
3.867
3.733
4.500
4.800
4.500
4.833
4.500
4.400
5.000
4.625
4.750
4.500
4.571
4.375
4.833
4.875
4.545
4.857
4.250
4.875
4.733
4.571
5.000
4.667
4.400
3.889
3.100
4.273
4.222
4.286
4.250
4.500
4.500
5.000
4.167
4.000
3.500
4.333
4.083
5.000
4.167
4.583
4.133
4.167
4.000
4.667
5.000
4.250
4.000
4.250
4.167
4.500
4.750
5.000
4.800
3.875
4.600
4.818
5.000
4.769
4.273
5.000
4.833
5.000
4.600
3.571
3.545
4.000
4.474
4.050
4.250
4.143
4.182
4.000
3.909
4.167
4.000
3.857
4.000
4.333
4.000
4.100
4.143
4.333
4.000
5.000
3.923
4.176
4.700
4.538
3.750
4.286
5.000
3.857
2.714
4.429
4.636
2.000
4.250
3.900
3.600
4.833
4.250
4.636
4.556
4.923
4.800
4.737
4.588
4.222
4.200
4.308
4.250
2.667
4.643
4.429
5.000
4.568
4.417
4.300
3.864
3.917
5.000
4.571
4.600
3.556
4.133
4.286
4.000
4.235
3.909
4.368
4.667
4.545
4.556
5.000
3.857
4.227
4.200
4.000
4.267
4.000
4.483
4.455
4.625
4.222
4.636
4.778
4.600
4.846
5.000
4.778
5.000
3.000
4.667
4.300
5.000
4.000
4.667
4.769
4.500
4.571
4.667
4.300
5.000
4.667
4.286
3.538
4.750
4.556
3.250
4.231
4.818
3.667
4.333
4.857
4.111
4.267
4.400
4.538
4.333
4.400
4.200
4.944
4.650
4.800
4.400
4.571
4.400
4.667
4.286
4.800
4.667
4.250
3.625
4.444
3.923
3.500
4.022
3.375
4.222
4.000
4.500
4.500
2.857
3.571
3.571
3.636
4.375
4.429
4.111
4.600
3.250
4.222
4.182
3.778
4.125
4.500
4.429
3.333
4.750
4.579
4.182
4.069
5.000
4.059
4.563
4.800
4.667
3.857
3.667
4.250
4.364
4.571
4.667
4.167
4.000
3.667
4.111
4.400
4.875
4.917
4.667
4.444
3.667
3.583
3.867
3.655
3.852
4.125
3.700
4.200
3.500
3.133
3.800
2.500
2.333
4.333
4.600
4.250
4.200
4.429
4.500
4.444
4.500
5.000
4.000
4.500
3.667
4.875
4.091
4.182
4.385
4.182
4.700
4.714
4.800
3.143
5.000
4.833
4.667
5.000
4.714
4.800
4.000
3.600
5.000
4.429
4.143
5.000
3.750
3.800
4.000
4.000
3.800
5.000
4.714
4.667
4.500
5.000
4.250
4.148
4.222
4.200
1.692
3.800
4.875
3.375
4.000
3.800
3.300
4.200
3.889
4.385
4.875
4.417
4.333
4.143
4.000
3.667
3.833
5.000
4.417
4.600
4.889
4.500
4.571
4.667
4.429
4.778
5.000
4.000
4.600
3.833
4.000
4.000
4.333
3.400
4.875
4.333
4.857
4.667
4.125
4.111
4.318
4.714
4.161
4.417
3.913
3.684
3.905
4.526
4.200
4.778
3.909
3.500
4.696
4.000
4.250
4.467
3.182
3.556
5.000
4.889
4.222
4.400
4.500
3.857
4.211
4.476
4.143
3.667
4.700
5.000
5.000
4.917
4.846
4.909
5.000
3.364
4.333
3.857
4.125
4.200
4.059
3.938
4.067
4.875
5.000
4.400
4.545
4.250
5.000
4.273
4.667
4.571
4.909
4.500
4.538
5.000
4.125
4.300
4.600
4.857
4.500
3.714
4.250
3.571
4.500
4.214
4.667
4.800
4.167
4.000
3.300
4.200
4.421
4.500
4.091
3.333
4.000
2.941
4.750
3.600
4.000
4.500
4.516
4.714
4.556
3.833
4.429
4.667
3.818
4.750
4.667
5.000
5.000
4.500
2.857
3.167
4.200
4.267
4.286
3.100
2.000
4.167
4.857
4.500
4.250
3.500
4.000
3.571
4.125
4.200
4.571
4.556
4.667
4.786
4.667
4.625
4.125
5.000
3.200
3.500
3.000
4.200
4.308
3.000
5.000
4.571
4.000
4.000
4.714
4.000
4.000
4.500
4.200
4.500
4.400
4.625
4.800
4.700
4.250
4.636
5.000
4.500
4.500
5.000
4.833
4.500
5.000
3.909
4.167
4.462
4.448
4.000
3.500
2.750
4.727
4.800
3.889
4.714
4.100
4.818
4.429
4.571
4.615
4.636
4.133
4.333
4.571
4.786
4.941
4.833
4.300
3.000
4.800
4.250
4.667
4.818
4.556
3.559
3.409
5.000
5.000
4.000
4.700
4.667
4.750
4.000
3.417
3.700
3.375
3.000
3.333
3.600
3.000
2.500
4.091
4.727
4.714
4.571
4.600
4.625
3.750
2.100
3.750
2.923
3.750
4.421
4.190
3.833
4.833
4.667
4.667
3.800
3.857
4.700
4.250
4.727
4.800
4.286
4.333
4.250
4.000
3.765
4.667
4.625
4.875
5.000
4.167
5.000
4.429
3.714
3.125
4.143
4.333
5.000
4.900
3.556
4.500
3.286
3.857
4.231
3.429
2.667
3.500
4.182
4.400
1.000
4.200
2.000
3.667
4.000
4.200
3.400
4.462
3.800
3.643
4.250
4.333
3.571
4.000
4.750
3.667
4.400
5.000
4.364
4.000
4.300
4.562
4.000
4.900
3.818
3.700
4.154
3.800
4.444
3.667
4.500
3.778
3.917
