4.818
4.273
3.667
4.188
4.000
4.000
4.200
5.000
3.000
3.333
5.000
5.000
4.077
4.190
4.231
4.095
4.250
4.500
3.923
3.789
3.583
3.000
3.750
4.444
4.833
1.667
4.545
4.700
4.636
4.182
3.667
4.500
4.625
4.375
3.000
4.353
4.900
4.406
4.571
3.833
4.833
4.750
3.091
3.375
4.077
4.000
4.571
3.600
3.933
4.778
4.125
4.600
3.800
4.286
3.583
3.800
4.600
4.875
4.429
4.125
4.579
5.000
4.882
3.625
4.400
4.167
4.267
4.000
4.500
4.750
4.875
4.727
4.000
4.444
3.733
3.800
4.500
4.400
4.500
5.000
4.833
4.400
5.000
4.500
4.750
4.625
4.429
4.375
4.667
4.500
4.545
4.857
4.167
5.000
4.733
4.571
5.000
4.667
4.400
4.222
3.500
4.273
4.111
4.238
4.750
4.333
4.500
4.857
4.333
4.625
3.500
4.667
4.667
5.000
4.167
4.583
4.533
4.333
4.250
4.833
3.000
4.250
4.444
4.100
4.250
4.429
4.833
5.000
4.400
4.125
4.500
4.818
5.000
4.846
4.364
5.000
5.000
5.000
5.000
3.857
3.545
4.333
4.526
4.450
3.875
3.857
4.182
3.800
3.818
3.667
4.167
3.714
4.000
4.333
4.000
4.100
4.000
4.167
4.000
5.000
3.769
3.941
4.500
4.538
3.750
3.571
5.000
4.000
2.857
4.429
4.200
3.500
4.750
4.200
4.200
5.000
4.333
4.727
4.667
4.846
4.800
4.737
4.412
4.222
4.400
4.308
4.250
2.667
4.786
4.143
5.000
4.568
4.667
4.600
3.818
4.083
5.000
4.500
4.267
3.778
3.933
4.286
3.308
4.294
4.000
4.158
4.667
4.455
4.333
5.000
4.143
4.364
4.200
4.000
4.200
4.000
4.586
4.455
4.625
4.389
4.727
4.778
4.600
4.923
5.000
4.444
5.000
4.000
5.000
4.800
5.000
4.000
4.667
4.769
4.600
4.000
4.667
4.850
3.000
4.833
4.714
3.769
4.625
4.444
3.125
4.385
5.000
4.167
4.167
4.714
4.333
4.267
4.600
4.231
4.333
4.300
4.200
4.944
4.700
4.900
4.600
4.714
4.600
4.667
4.286
4.600
4.333
4.500
4.000
4.889
3.769
3.658
3.822
3.250
4.444
3.500
4.667
4.800
2.857
3.000
3.857
3.909
4.500
4.286
4.222
4.400
4.125
4.333
4.091
3.556
4.375
4.500
4.571
3.667
5.000
4.684
4.636
4.133
5.000
4.412
4.313
4.800
4.667
4.000
3.833
4.000
3.818
4.500
4.833
4.174
3.909
3.667
4.222
4.700
4.750
4.917
4.333
4.444
3.444
3.250
4.067
3.724
3.885
3.875
4.100
4.200
3.500
3.933
3.800
2.800
1.667
4.333
4.600
4.500
4.250
4.357
4.500
4.667
4.500
4.857
4.333
4.500
4.000
4.714
4.091
4.091
4.385
4.091
4.800
4.714
5.000
4.143
5.000
4.833
4.444
5.000
4.429
5.000
3.900
3.400
5.000
4.143
4.429
5.000
3.875
3.600
3.667
5.000
4.000
5.000
4.714
4.667
4.500
5.000
4.417
4.148
4.111
3.600
3.308
4.000
4.750
4.125
5.000
3.800
3.800
3.889
4.000
4.846
4.750
4.333
4.333
4.429
3.500
3.333
4.000
5.000
4.417
4.600
4.889
5.000
4.857
4.778
4.714
4.778
5.000
3.429
4.600
4.000
4.000
3.667
4.333
3.500
5.000
4.500
4.714
4.667
4.375
4.056
4.318
4.857
4.581
4.636
3.870
3.316
3.857
4.526
4.833
4.667
4.273
3.900
4.652
4.500
4.312
4.267
2.909
3.667
5.000
4.889
4.250
4.800
4.667
3.857
4.316
4.476
4.143
4.333
4.400
4.636
5.000
5.000
4.846
4.909
5.000
3.636
4.556
3.571
4.625
4.600
3.706
3.937
3.800
4.875
4.875
4.600
4.364
4.188
5.000
4.273
4.625
4.429
4.909
4.500
4.385
4.500
3.750
4.200
4.600
4.857
4.500
3.714
4.000
3.714
4.600
4.214
4.667
4.800
4.333
3.000
4.400
4.600
4.105
4.167
4.182
4.000
4.556
2.824
4.875
3.800
4.000
4.333
4.387
4.857
4.444
3.833
4.429
4.667
4.000
4.750
4.667
5.000
5.000
4.300
2.714
3.333
3.800
3.733
4.143
3.600
3.000
5.000
5.000
4.429
3.750
4.000
4.000
4.286
4.125
4.200
4.571
4.667
4.667
4.600
4.167
4.687
4.438
5.000
3.400
4.250
4.000
4.200
4.692
3.333
5.000
4.714
4.167
4.000
4.714
3.800
3.875
4.500
4.000
4.300
4.500
4.375
4.800
4.400
4.250
4.455
5.000
4.500
4.500
5.000
5.000
4.500
5.000
4.455
4.500
4.462
4.414
4.000
3.625
4.250
4.636
4.500
3.556
4.286
4.400
4.818
4.571
4.857
4.846
4.909
4.533
4.444
4.571
4.643
4.882
4.667
4.400
3.400
4.600
4.500
4.500
4.727
4.556
3.656
3.333
5.000
4.889
4.125
4.600
5.000
4.750
4.400
3.583
3.900
3.250
3.000
3.417
3.600
3.250
2.667
3.909
4.727
4.571
4.429
4.600
4.714
4.375
4.200
3.500
3.000
3.750
3.842
4.476
4.364
4.667
4.667
4.667
4.000
3.857
4.800
4.167
4.364
4.800
4.571
5.000
4.375
4.400
3.882
4.667
4.813
4.750
5.000
4.385
5.000
4.429
4.000
3.125
4.143
4.333
5.000
4.900
3.667
4.000
3.714
4.214
4.385
3.286
3.083
3.333
4.091
4.100
2.500
4.000
2.333
3.167
4.200
4.000
3.400
4.154
3.900
3.357
4.250
4.500
3.000
4.545
4.750
3.667
4.400
5.000
4.545
4.250
4.600
4.625
4.143
4.800
4.000
4.100
4.077
3.900
4.056
4.333
4.333
4.333
4.545
