4.818
4.455
3.333
4.063
3.167
3.667
3.800
5.000
4.000
3.333
5.000
5.000
4.192
4.238
4.462
4.333
4.167
4.500
4.000
4.211
3.833
3.286
3.750
4.556
4.667
1.000
4.455
4.600
4.750
4.500
3.444
4.500
4.688
3.750
3.500
4.353
5.000
4.406
4.571
3.833
5.000
4.818
2.818
2.875
3.385
4.000
4.643
4.400
4.200
4.889
4.250
4.700
4.000
4.143
3.417
3.600
4.533
4.875
4.714
3.875
4.526
5.000
5.000
4.125
4.400
4.333
4.000
4.417
4.536
4.750
4.889
4.727
2.833
4.111
3.933
3.933
4.500
4.600
4.667
4.833
4.250
4.400
4.750
4.750
4.750
4.500
4.571
4.375
4.667
4.875
4.545
4.857
4.333
4.875
4.533
4.571
5.000
4.667
4.500
3.778
3.900
4.273
4.333
4.286
4.250
4.500
4.167
5.000
4.333
4.375
3.500
4.600
4.250
5.000
4.167
4.417
4.067
3.833
3.750
4.667
5.000
4.500
4.222
4.150
4.500
4.500
4.917
5.000
5.000
4.250
4.700
4.818
5.000
4.769
4.455
4.750
4.833
5.000
5.000
3.714
3.818
4.133
4.526
4.263
4.125
3.857
4.273
4.400
3.909
4.667
4.333
4.000
4.000
4.333
4.250
4.300
4.429
4.333
4.250
5.000
4.385
4.176
4.600
4.615
3.750
3.857
5.000
4.000
3.000
4.571
4.818
3.500
4.625
3.900
3.800
4.833
4.333
4.818
4.667
4.846
4.800
4.842
4.765
4.444
4.600
3.923
4.375
2.667
4.714
4.714
5.000
4.649
4.500
4.300
4.045
4.250
5.000
4.643
4.600
3.444
4.467
4.143
4.538
4.500
3.818
4.579
5.000
4.455
4.778
5.000
4.143
4.318
4.067
4.143
4.200
4.000
4.724
4.364
4.750
4.389
4.909
4.889
4.600
4.692
5.000
4.667
5.000
3.000
4.583
4.600
5.000
4.000
4.667
4.538
4.700
4.714
4.556
4.300
4.000
4.333
4.286
3.385
4.875
4.667
3.750
4.692
4.909
4.000
4.583
4.857
4.111
4.267
4.533
4.538
4.444
4.400
4.600
4.944
4.650
4.900
4.600
4.571
4.400
4.833
4.143
4.600
4.667
4.625
4.000
4.667
3.846
3.632
4.022
3.625
4.333
3.500
4.500
4.500
4.143
4.000
3.857
3.727
4.125
4.286
4.444
4.400
3.375
4.333
4.273
3.875
4.625
4.333
4.429
3.333
4.750
4.526
4.455
3.900
5.000
4.647
4.625
4.600
4.667
3.857
4.167
4.500
4.273
4.571
4.833
4.292
3.818
3.222
4.000
4.500
4.625
4.833
4.667
4.333
3.889
3.957
3.933
3.759
4.000
4.250
4.000
4.200
3.500
2.867
3.800
2.500
1.667
4.667
4.600
4.500
4.200
4.500
4.333
4.111
5.000
5.000
4.333
4.250
4.333
4.875
4.000
4.273
4.538
4.091
4.750
4.714
4.800
3.429
5.000
4.833
4.667
5.000
4.714
4.800
4.100
4.000
5.000
4.714
4.143
5.000
3.750
3.800
4.667
4.500
4.000
5.000
4.857
4.667
4.625
5.000
4.500
4.259
4.333
4.400
2.538
4.200
4.875
3.625
4.000
4.000
4.100
4.400
4.000
4.692
4.750
4.500
4.333
4.000
4.000
4.000
4.000
5.000
4.417
4.800
4.889
4.833
4.714
4.444
4.429
4.778
5.000
3.571
4.800
3.833
4.000
4.333
4.333
4.200
5.000
4.500
4.714
4.667
4.500
4.278
4.318
4.714
4.452
4.583
4.304
3.842
4.143
4.632
4.333
4.778
4.182
3.700
4.783
4.200
4.000
4.533
3.545
4.111
5.000
4.889
4.556
4.600
4.667
4.571
4.316
4.762
4.000
4.667
4.800
4.909
5.000
4.917
4.846
4.818
5.000
3.273
4.556
3.857
4.375
4.400
4.059
4.250
4.267
4.875
5.000
4.600
4.545
4.437
5.000
4.273
4.667
4.571
4.909
4.500
4.538
5.000
4.250
4.600
4.600
5.000
4.500
4.286
4.500
4.286
4.500
4.357
4.667
5.000
4.167
4.500
4.100
4.400
4.368
4.667
4.455
4.333
4.444
2.882
4.750
3.500
3.750
4.500
4.516
4.714
4.556
4.167
4.429
4.600
4.000
4.750
4.667
5.000
5.000
4.200
3.714
3.000
4.400
4.267
4.429
3.600
3.143
4.833
4.857
4.571
4.375
4.500
4.000
3.571
4.000
4.200
4.286
4.667
4.667
4.867
4.545
4.800
4.563
5.000
3.400
3.750
3.250
4.200
4.385
2.667
5.000
4.429
4.333
3.800
4.857
4.200
4.125
4.625
4.200
4.500
4.500
4.500
4.600
4.900
4.250
4.364
5.000
4.500
4.500
5.000
4.833
4.500
5.000
3.818
3.833
4.231
4.552
4.000
3.875
3.750
4.727
4.800
3.889
4.714
4.300
4.909
4.429
4.500
4.538
4.818
4.533
4.444
4.429
4.786
4.941
4.833
4.400
3.000
4.600
4.250
5.000
4.818
4.556
3.529
3.500
5.000
5.000
4.000
4.700
5.000
4.750
4.400
3.500
3.900
3.125
3.000
3.500
3.600
3.000
2.500
4.091
4.818
4.714
4.571
4.600
4.625
4.250
3.100
4.250
3.462
3.500
4.526
4.524
4.417
4.917
4.750
4.333
4.000
4.143
4.700
4.333
4.818
4.800
4.571
5.000
4.125
3.900
4.294
4.667
4.438
4.625
5.000
4.308
5.000
4.429
3.857
3.125
4.571
4.667
5.000
4.900
4.222
4.000
3.571
4.214
4.692
4.000
3.250
3.917
4.545
4.700
1.000
4.800
2.333
4.167
4.800
4.200
3.200
4.538
4.100
4.214
4.250
4.500
4.429
4.364
4.750
4.111
4.600
5.000
4.545
4.625
4.444
4.500
4.143
4.800
3.909
3.900
4.231
4.400
4.389
3.833
4.500
4.222
3.417
